			(0, 0, 0)  (0, 0, 1)  (0, 0, 2)  (0, 1, 0)  (0, 1, 1)  (0, 1, 2)  \
(0, 0, 0)   0.000000    0.00000     0.0000   0.000000    0.00000      0.000   
(0, 0, 1)   0.000000    0.00000    -0.0244   0.000000    0.00000      0.000   
(0, 0, 2)   0.000000   -0.02952     0.0000   0.000000    0.00000      0.000   
(0, 1, 0)   0.000000    0.00000     0.0000   0.000000    0.00000      0.000   
(0, 1, 1)   0.000000    0.00000     0.0000   0.000000    0.00000      0.000   
(0, 1, 2)   0.000000    0.00000     0.0000   0.000000    0.00000      0.000   
(0, 2, 0)   0.000000    0.00000     0.0000  -0.029520    0.00000      0.000   
(0, 2, 1)   0.000000    0.00000     0.0000   0.000000   -0.02952      0.000   
(0, 2, 2)   0.000000    0.00000     0.0000   0.000000    0.00000      0.000   
(1, 0, 0)  -0.036893    0.00000     0.0000   0.000000    0.00000      0.000   
(1, 0, 1)   0.000000   -0.02952     0.0000   0.000000    0.00000      0.000   
(1, 0, 2)   0.000000    0.00000    -0.0180   0.000000    0.00000      0.000   
(1, 1, 0)   0.000000    0.00000     0.0000  -0.024400    0.00000      0.000   
(1, 1, 1)   0.000000    0.00000     0.0000   0.000000   -0.02440      0.000   
(1, 1, 2)   0.000000    0.00000     0.0000   0.000000    0.00000     -0.018   
(1, 2, 0)   0.000000    0.00000     0.0000   0.000000    0.00000      0.000   
(1, 2, 1)   0.000000    0.00000     0.0000   0.000000    0.00000      0.000   
(1, 2, 2)   0.000000    0.00000     0.0000   0.000000    0.00000      0.000   
(2, 0, 0)  -0.036893    0.00000     0.0000   0.000000    0.00000      0.000   
(2, 0, 1)   0.000000   -0.02952     0.0000   0.000000    0.00000      0.000   
(2, 0, 2)   0.000000    0.00000    -0.0180   0.000000    0.00000      0.000   
(2, 1, 0)   0.000000    0.00000     0.0000  -0.033616    0.00000      0.000   
(2, 1, 1)   0.000000    0.00000     0.0000   0.000000   -0.02440      0.000   
(2, 1, 2)   0.000000    0.00000     0.0000   0.000000    0.00000     63.982   
(2, 2, 0)   0.000000    0.00000     0.0000   0.000000    0.00000      0.000   
(2, 2, 1)   0.000000    0.00000     0.0000   0.000000    0.00000      0.000   
(2, 2, 2)   0.000000    0.00000     0.0000   0.000000    0.00000      0.000   

           (0, 2, 0)  (0, 2, 1)  (0, 2, 2)  (1, 0, 0)    ...      (1, 2, 2)  \
(0, 0, 0)   0.000000    0.00000       0.00  -0.036893    ...          0.000   
(0, 0, 1)   0.000000    0.00000       0.00   0.000000    ...          0.000   
(0, 0, 2)   0.000000    0.00000       0.00   0.000000    ...          0.000   
(0, 1, 0)  -0.029520    0.00000       0.00   0.000000    ...          0.000   
(0, 1, 1)   0.000000   -0.02952       0.00   0.000000    ...          0.000   
(0, 1, 2)   0.000000    0.00000      79.99   0.000000    ...          0.000   
(0, 2, 0)   0.000000    0.00000       0.00   0.000000    ...          0.000   
(0, 2, 1)   0.000000    0.00000       0.00   0.000000    ...          0.000   
(0, 2, 2)   0.000000    0.00000       0.00   0.000000    ...          0.000   
(1, 0, 0)   0.000000    0.00000       0.00   0.000000    ...          0.000   
(1, 0, 1)   0.000000    0.00000       0.00   0.000000    ...          0.000   
(1, 0, 2)   0.000000    0.00000       0.00   0.000000    ...         63.982   
(1, 1, 0)   0.000000    0.00000       0.00   0.000000    ...          0.000   
(1, 1, 1)   0.000000    0.00000       0.00   0.000000    ...          0.000   
(1, 1, 2)   0.000000    0.00000       0.00   0.000000    ...          0.000   
(1, 2, 0)  -0.033616    0.00000       0.00  -0.036893    ...          0.000   
(1, 2, 1)   0.000000   -0.02952       0.00   0.000000    ...          0.000   
(1, 2, 2)   0.000000    0.00000      79.99   0.000000    ...          0.000   
(2, 0, 0)   0.000000    0.00000       0.00  -0.033616    ...          0.000   
(2, 0, 1)   0.000000    0.00000       0.00   0.000000    ...          0.000   
(2, 0, 2)   0.000000    0.00000       0.00   0.000000    ...          0.000   
(2, 1, 0)   0.000000    0.00000       0.00   0.000000    ...          0.000   
(2, 1, 1)   0.000000    0.00000       0.00   0.000000    ...          0.000   
(2, 1, 2)   0.000000    0.00000       0.00   0.000000    ...          0.000   
(2, 2, 0)  -0.033616    0.00000       0.00   0.000000    ...          0.000   
(2, 2, 1)   0.000000   -0.02952       0.00   0.000000    ...          0.000   
(2, 2, 2)   0.000000    0.00000       0.00   0.000000    ...          0.000   

           (2, 0, 0)  (2, 0, 1)  (2, 0, 2)  (2, 1, 0)  (2, 1, 1)  (2, 1, 2)  \
(0, 0, 0)  20.932006    0.00000      0.000   0.000000    0.00000     0.0000   
(0, 0, 1)   0.000000   -0.02952      0.000   0.000000    0.00000     0.0000   
(0, 0, 2)   0.000000    0.00000     -0.018   0.000000    0.00000     0.0000   
(0, 1, 0)   0.000000    0.00000      0.000  -0.029520    0.00000     0.0000   
(0, 1, 1)   0.000000    0.00000      0.000   0.000000   -0.02440     0.0000   
(0, 1, 2)   0.000000    0.00000      0.000   0.000000    0.00000    -0.0180   
(0, 2, 0)   0.000000    0.00000      0.000   0.000000    0.00000     0.0000   
(0, 2, 1)   0.000000    0.00000      0.000   0.000000    0.00000     0.0000   
(0, 2, 2)   0.000000    0.00000      0.000   0.000000    0.00000     0.0000   
(1, 0, 0)  -0.036893    0.00000      0.000   0.000000    0.00000     0.0000   
(1, 0, 1)   0.000000   -0.02952      0.000   0.000000    0.00000     0.0000   
(1, 0, 2)   0.000000    0.00000     -0.018   0.000000    0.00000     0.0000   
(1, 1, 0)   0.000000    0.00000      0.000  -0.024400    0.00000     0.0000   
(1, 1, 1)   0.000000    0.00000      0.000   0.000000   -0.02952     0.0000   
(1, 1, 2)   0.000000    0.00000      0.000   0.000000    0.00000    51.1756   
(1, 2, 0)   0.000000    0.00000      0.000   0.000000    0.00000     0.0000   
(1, 2, 1)   0.000000    0.00000      0.000   0.000000    0.00000     0.0000   
(1, 2, 2)   0.000000    0.00000      0.000   0.000000    0.00000     0.0000   
(2, 0, 0)   0.000000    0.00000      0.000  26.177507    0.00000     0.0000   
(2, 0, 1)   0.000000    0.00000      0.000   0.000000   -0.02440     0.0000   
(2, 0, 2)   0.000000    0.00000      0.000   0.000000    0.00000    -0.0180   
(2, 1, 0)  -0.033616    0.00000      0.000   0.000000    0.00000     0.0000   
(2, 1, 1)   0.000000   -0.02952      0.000   0.000000    0.00000     0.0000   
(2, 1, 2)   0.000000    0.00000     -0.018   0.000000    0.00000     0.0000   
(2, 2, 0)   0.000000    0.00000      0.000   0.000000    0.00000     0.0000   
(2, 2, 1)   0.000000    0.00000      0.000   0.000000    0.00000     0.0000   
(2, 2, 2)   0.000000    0.00000      0.000   0.000000    0.00000     0.0000   

           (2, 2, 0)  (2, 2, 1)  (2, 2, 2)  
(0, 0, 0)   0.000000    0.00000        0.0  
(0, 0, 1)   0.000000    0.00000        0.0  
(0, 0, 2)   0.000000    0.00000        0.0  
(0, 1, 0)   0.000000    0.00000        0.0  
(0, 1, 1)   0.000000    0.00000        0.0  
(0, 1, 2)   0.000000    0.00000        0.0  
(0, 2, 0)  -0.033616    0.00000        0.0  
(0, 2, 1)   0.000000   -0.02440        0.0  
(0, 2, 2)   0.000000    0.00000      100.0  
(1, 0, 0)   0.000000    0.00000        0.0  
(1, 0, 1)   0.000000    0.00000        0.0  
(1, 0, 2)   0.000000    0.00000        0.0  
(1, 1, 0)   0.000000    0.00000        0.0  
(1, 1, 1)   0.000000    0.00000        0.0  
(1, 1, 2)   0.000000    0.00000        0.0  
(1, 2, 0)  -0.033616    0.00000        0.0  
(1, 2, 1)   0.000000   -0.02952        0.0  
(1, 2, 2)   0.000000    0.00000        0.0  
(2, 0, 0)   0.000000    0.00000        0.0  
(2, 0, 1)   0.000000    0.00000        0.0  
(2, 0, 2)   0.000000    0.00000        0.0  
(2, 1, 0)   0.000000    0.00000        0.0  
(2, 1, 1)   0.000000    0.00000        0.0  
(2, 1, 2)   0.000000    0.00000        0.0  
(2, 2, 0)   0.000000   -0.02952        0.0  
(2, 2, 1)  -0.029520    0.00000        0.0  
(2, 2, 2)   0.000000    0.00000        0.0  

[27 rows x 27 columns]
